0                        0.16499999999999998      392.98292051551175
0.0083368547625355706    0.15754974452724302      392.80746988534946
0                        0.14999999999999999      392.4036990440041
0                        0                        300
0.016527327119053685     0.16499999999999998      392.98766505483053
0.016821341766327127     0.14999999999999999      392.43383143545555
0.011917053550351759     0.13822741518666568      390.34977142310004
0                        0.1322303824790971       388.95619990820614
0                        0.02                     308.93502778532297
0.011288672147193687     0.010000000000000002     304.56920505879793
0.022577344294387423     0                        300
0.036106088276369845     0.16499999999999998      393.30298364594387
0.036586880599623887     0.14999999999999999      392.57470709380948
0.027224659127653979     0.13717989280504006      390.26227608259978
0.015539266857777689     0.12172680064919134      385.65230993475819
0                        0.10814556667907026      380.1108141171286
0                        0.043692824662794782     334.04661874232954
0                        0.075806194330257828     361.0582765128118
0.016112490455613325     0.034195417022481724     324.43639111237701
0.022577344294387333     0.02                     308.92674635182522
0.049095512143389183     0                        300
0.056071947031005577     0.14999999999999999      392.96449749041926
0.056908377163700473     0.16499999999999998      393.60747834363144
0.075107284924504164     0.16499999999999998      394.1506877351427
0.046893192885269865     0.13490690637439845      389.91227801067583
0.038151344110670019     0.11765311995701778      384.29778213223165
0.025002719258094771     0.095045716702360103     373.51042234682535
0.021254057436576879     0.061269520003194369     349.89155068882081
0.037279404878113084     0.036638173619095209     327.00140812345381
0.049095512143389121     0.02                     308.89111791089454
0.076964243653469877     0                        300
0.064267744527801068     0.13616175328561345      390.54564550666129
0.072854072821154262     0.15000000000000002      393.47046356523845
0.08384279251492012      0.15797771396571342      394.37966832526132
0.088979895480012269     0.16499999999999998      394.8017588350084
0.059056581914864625     0.11844667219871947      384.82521414130565
0.074102219676668996     0.12520185871493147      387.53694545405835
0.054049525898809292     0.10003700841047557      376.25290173168804
0.048183943816551451     0.07729471702692671      362.10587658406473
0.049660498364361302     0.054674239031136405     344.04911875084179
0.062860892119494111     0.039237557087267151     329.64958022210078
0.07696424365347096      0.020000000000000004     308.89723049262085
0.10484371319678608      0                        300
0.080444450250830662     0.13705956953433651      391.19604605739232
0.08843994219494318      0.14999999999999999      394.02306979035484
0.092423621679678561     0.1586455275393375       394.88381704978235
0.099999999999999978     0.16499999999999998      395.78500385257894
0.10500362679284185      0.1694612397830183       396.25581829823176
0.099999999999999978     0.17500000000000002      396.34779641612141
0.088583801353712674     0.12322969848899576      387.26550130832277
0.077602324964246655     0.10701283335590681      380.22426079561495
0.069667117543372431     0.086450627168083133     368.42611750759835
0.073524951515449258     0.063170342947421201     351.63674046681786
0.089004576704662705     0.040101019010790051     330.62299712086099
0.10484371319678711      0.02                     308.92723644469572
0.13272318274010231      0                        300
0.09624656246548155      0.13716111883008697      391.73611342193368
0.10345829031627692      0.14999999999999999      394.77738006802815
0.11029487997113589      0.16328046908215732      396.19125126458584
0.11108539548402159      0.17500000000000002      396.58400706616283
0.12030587653535992      0.16588256092740494      396.6923403008206
0.10272179924844338      0.12526784568150939      388.29265520422473
0.10013546774000263      0.10945153363333102      381.77573917256416
0.16060265228341852      0                        300
0.094974841521805548     0.08473823409968545      367.84122406876622
0.099753272499876353     0.059373026380611982     348.49251207369156
0.11560251245582227      0.042315209686638794     332.96002303615148
0.13272318274010325      0.02                     308.96906119271335
0.11176184698716107      0.13548669452932652      391.82215903548666
0.11929604606986859      0.14999999999999999      395.43024052395413
0.13289461602542152      0.162505862111262        396.96446845370053
0.1252507108871454       0.17499999999999999      397.05834496994538
0.18848212182673471      0                        300
0.11681324457773684      0.11885445379336344      386.27312300479684
0.11882286509591698      0.097291610988004248     375.8543268972187
0.16060265228341938      0.02                     309.01021121992869
0.12382236555466788      0.069712165975537352     357.38572044852117
0.14333177960131674      0.044657791149156183     335.4484880353267
0.12884487709140532      0.13219770883929219      391.36651593872045
0.13893758383643284      0.14999999999999999      396.04662265261339
0.14958327426755194      0.16239366168068217      397.41392253943116
0.14393340528113796      0.17499999999999999      397.62889655099764
0.21636159137005095      0                        300
0.18848212182673554      0.02                     309.04129709305471
0.13745357035168654      0.11141438024194431      383.46603490656673
0.13973770082960227      0.089578898184164119     371.42292763929282
0.17207322323781279      0.045315718953808336     336.22654696301021
0.1545197207262986       0.070022326619844477     357.83650949547473
0.15356141454184263      0.12745087105392552      390.45321090189282
0.16397291169329978      0.14999999999999999      396.66387438514221
0.1685732485641126       0.17499999999999999      398.47034908383688
0.24424106091336717      0                        300
0.21636159137005168      0.02                     309.0639189372651
0.20094634786095608      0.045482188835113339     336.5232940514901
0.1640653829910306       0.099451651238848526     377.96684241308571
0.18405604897296099      0.071525220894347263     359.34782313767278
0.27212053045668338      0                        300
0.18077234530025876      0.126033211564303        390.48558124102749
0.19657905160187658      0.14999999999999999      397.26667388932162
0.19999999999999996      0.17500000000000002      398.86781615248253
0.24424106091336781      0.02                     309.07267892676134
0.22994716932512205      0.045092682619174242     336.22509565078809
0.21476912458844416      0.070993571079556381     359.10387594750318
0.19796438074953734      0.097891866620715515     377.33964935710651
0.272120530456684        0.02                     309.07187551570894
0.29999999999999954      0                        300
0.21352876698471177      0.12271627961636174      389.54891768180914
0.2310527010679177       0.15000000000000002      397.61571236431212
0.23333333333333328      0.17500000000000002      399.16998435552517
0.25808233266179748      0.043831397934875845     335.01097709688719
0.24528466029415999      0.070260656565537746     358.65697851338098
0.23059461565981779      0.096631265330876098     376.81902643685908
0.28518050639374948      0.041680641139948411     332.83249377312774
0.3000000000000001       0.02                     309.07212951147841
0.32787946954331582      0                        300
0.24792409609255739      0.12292746795497939      389.86504969149451
0.26552635053395879      0.15000000000000002      397.82081422436545
0.26666666666666661      0.17500000000000002      399.31639806391524
0.29999999999999988      0.17500000000000002      399.14210212496175
0.27397598434592202      0.0688552586771288       357.5825711313289
0.26434143387619419      0.096172752691184873     376.66832032617293
0.29909095002012859      0.060746985966803613     350.67103775484429
0.31299917612379419      0.042441066940189807     333.59749849355831
0.32787946954331626      0.02                     309.07408205999593
0.35575893908663198      0                        300
0.28250340712508176      0.12205749903102349      389.69914659890549
0.38363840862994802      0                        300
0.29999999999999988      0.14999999999999999      397.99751829774624
0.33333333333333315      0.17500000000000002      399.33364568879261
0.29948623695436771      0.090450947403041909     373.35136523338252
0.32489489326926047      0.068444455593642956     357.24085470646338
0.3409492375163099       0.043774318940743802     334.95704877103981
0.35575893908663236      0.02                     309.07205811969754
0.31720128198794717      0.1219076886077478       389.63284795211098
0.38363840862994858      0.02                     309.04977221581055
0.4115178781732643       0                        300
0.33447364946604097      0.14999999999999999      397.84050472536967
0.36666666666666653      0.17499999999999999      399.19760032215288
0.33439570805603991      0.094971991253761878     375.94089385486927
0.35426332020920998      0.068704928509544003     357.42175740724406
0.36904609651414655      0.042650472664057727     333.81179391450462
0.35253880803495841      0.12270796721920149      389.79551450033722
0.39597777122301014      0.041221042811890325     332.23710382034943
0.41151787817326474      0.02                     309.02395991099013
0.43939734771658051      0                        300
0.36894729893208206      0.14999999999999999      397.64883918288206
0.39999999999999991      0.17500000000000002      398.88710523066186
0.37068506435371862      0.09482437711241759      375.6899435041413
0.38496887233698868      0.066756379465704813     355.72654539867011
0.38758920500479765      0.1218237494008943       389.24391008488635
0.46727681725989662      0                        300
0.40873080385792493      0.060729337700380484     350.39011218636227
0.42324925985848094      0.042289221296552458     333.2267943096623
0.43939734771658079      0.02                     308.9987108525649
0.40342094839812309      0.14999999999999999      397.28995081195137
0.43142675143588732      0.17500000000000002      398.46274508821864
0.4074610115666662       0.089591966630900272     372.31645302344486
0.42157814314586123      0.12242665032926517      389.10158959617451
0.49515628680321283      0                        300
0.467276817259897        0.02                     308.97421144715457
0.43369820242187801      0.068582730310751391     356.89577268682683
0.45053363823060505      0.043765646734220079     334.58205853374756
0.43602708830670006      0.14999999999999999      396.6609113682203
0.45030854621208877      0.16249897542171754      397.38776021270371
0.45606659471886202      0.17500000000000002      397.58613836815823
0.45060797288785132      0.12801873520404761      390.52751770860516
0.44625260863417199      0.097313599495381098     376.54484987051677
0.47474928911285447      0.17500000000000002      396.99676651539539
0.52303575634652888      0                        300
0.55090448785661073      0                        300
0.57742265570561246      0                        300
0.49515628680321316      0.02                     308.94342060266723
0.47963431100359383      0.043846794956780573     334.48477905322096
0.46224218728180855      0.068049255396040134     356.13685981489147
0.46106241616356691      0.14999999999999999      395.97909856891306
0.46695988043542708      0.16249487710858762      396.91028097695266
0.47212205384359518      0.13388279221091193      391.78772080047088
0.470860905463936        0.11446260482690621      384.64759725622031
0.48408332433849766      0.12452786283373227      388.31222627220268
0.47731983767120278      0.090063253769757004     371.4689081074909
0.47972530796091178      0.16544228667986322      396.60596365288268
0.4889146045159784       0.17500000000000002      396.5216726066933
0.52303575634652932      0.02                     308.90697522816544
0.55090448785661073      0.02                     308.86434262553183
0.57742265570561258      0.02                     308.7881093735873
0.58871132785280622      0.010000000000000002     304.5190803595458
0.59999999999999998      0                        300
0.50920289019024334      0.044478385112656754     334.96290991801317
0.49327239960685298      0.067224335662916121     355.04879737381276
0.48070395393013104      0.14999999999999999      395.35485685893946
0.48820954969517472      0.13660557285938293      392.04943352279884
0.49014470293623835      0.10942843183883984      381.86820092919208
0.49779498970359148      0.12418334972462942      387.87526938389163
0.50319927484833582      0.092173973261291689     372.37285485711323
0.48941694259255836      0.1627089564153873       396.1024347557601
0.4950129808864564       0.16944602487230681      396.18792017345766
0.5                      0.17500000000000002      396.28112830113173
0.5373313627328371       0.042304000612930791     332.72902493364467
0.56314978842543872      0.03830191283451926      328.64080628838946
0.58367781036486455      0.036363927853155162     326.53411736098963
0.59999999999999998      0.02                     308.87316596655211
0.52491214234306383      0.072899988588787198     359.29288430966784
0.4965417096837228       0.14999999999999999      394.70970961385865
0.50430932203925427      0.13784771651571359      391.82267336436496
0.50903606052927142      0.11213218665708215      382.73003346039809
0.51079749701756882      0.12675558966759123      388.3668569733976
0.52451050600338534      0.10129564305036787      377.24937166283445
0.5                      0.16499999999999998      395.72280519150763
0.50702749125075797      0.1581929250887637       394.8293159124625
0.55467803678895888      0.066458004096177276     353.97280714779316
0.5800374567918416       0.058827030821041362     347.58009155949281
0.59999999999999998      0.043692824662794782     333.9793626633475
0.54647168146356895      0.093458306484083431     372.60012797401879
0.51156005780505664      0.14999999999999999      393.95955525507236
0.51921080784300078      0.13642502012518815      390.98802353876238
0.52322902495004964      0.12119180879952669      386.16697758598144
0.54021482391129527      0.11591759730453222      383.82178687510213
0.51614623561101125      0.15796735393431224      394.32521151013003
0.51102010451998769      0.16499999999999998      394.74488515232565
0.5761657889770021       0.092956785235701681     372.20644423420146
0.59999999999999998      0.075806194330257856     360.85998923428627
0.56175989925756487      0.11496925521563532      383.18914300067354
0.52714592717884579      0.14999999999999999      393.38443831999615
0.53432248452501674      0.13461708224852931      390.15788676942248
0.55261232448831432      0.13365854228759796      389.56482407084144
0.52489271507549573      0.16499999999999998      394.14334016489386
0.53475507732333427      0.15720349613369577      393.58978001443518
0.58372369256159895      0.12018108345064063      385.03153970805738
0.59999999999999998      0.10814556667907026      380.04195649277028
0.57203556686663815      0.13644731895689116      390.04881327213599
0.54392805296899438      0.14999999999999999      392.94405692251217
0.56341311940037597      0.14999999999999999      392.53109934831366
0.54309162283629919      0.16499999999999998      393.5198719942515
0.58734108429173248      0.13777060758153767      390.19297618078264
0.59999999999999998      0.1322303824790971       388.88340980910465
0.58317865823367299      0.14999999999999999      392.36590431528992
0.56389391172363035      0.16499999999999998      393.2558104993422
0.59999999999999998      0.14999999999999999      392.38945797890892
0.58347267288094651      0.16499999999999998      392.96472768071908
0.59999999999999998      0.16499999999999998      392.85492121081774