0                         0.16499999999999998      392.92653985442945
0.00833685476253557       0.15754974452724302      392.79059086834417
0                         0.15                     392.318260917888
0                         0                        300
0.016527327119053685      0.16499999999999998      392.9825069437403
0.016821341766327127      0.15                     392.37485363893916
0.01191705355035176       0.13822741518666568      390.31604403329976
0                         0.1322303824790971       388.82669973813734
0                         0.02                     308.8667375229376
0.011288672147193687      0.010000000000000002     304.57315124075944
0.022577344294387423      0                        300
0.036106088276369845      0.16499999999999998      393.19951819291396
0.03658688059962389       0.15                     392.5912387422212
0.02722465912765398       0.13717989280504006      390.19200971954416
0.015539266857777689      0.12172680064919134      385.60581824820537
0                         0.10814556667907026      380.0443388898679
0                         0.04369282466279478      333.95618227556645
0                         0.07580619433025783      360.9979855337132
0.016112490455613325      0.034195417022481724     324.4268956716164
0.022577344294387333      0.02                     308.87078297140414
0.04909551214338918       0                        300
0.05607194703100558       0.15                     392.98158008264204
0.05690837716370047       0.16499999999999998      393.63335268793855
0.07510728492450416       0.16499999999999998      394.23544640103984
0.046893192885269865      0.13490690637439845      389.91972145987586
0.03815134411067002       0.11765311995701778      384.28578667648344
0.02500271925809477       0.0950457167023601       373.394857186124
0.02125405743657688       0.06126952000319437      349.7809070181102
0.037279404878113084      0.03663817361909521      326.97741386553537
0.04909551214338912       0.02                     308.8854205049275
0.07696424365346988       0                        300
0.06426774452780107       0.13616175328561345      390.60232395707806
0.07285407282115426       0.15000000000000002      393.48825114420396
0.08384279251492012       0.15797771396571342      394.4717504317878
0.08897989548001227       0.16499999999999998      394.9120132486592
0.059056581914864625      0.11844667219871947      384.9014879442123
0.074102219676669         0.12520185871493147      387.660057537635
0.05404952589880929       0.10003700841047557      376.3895259040802
0.04818394381655145       0.07729471702692671      362.2416329416809
0.0496604983643613        0.054674239031136405     344.22807099312416
0.06286089211949411       0.03923755708726715      329.6842222938662
0.07696424365347096       0.020000000000000004     308.91027137555614
0.10484371319678608       0                        300
0.08044445025083066       0.1370595695343365       391.2907497507806
0.08843994219494318       0.15                     394.13412416267147
0.09242362167967856       0.1586455275393375       394.96506289130883
0.09999999999999998       0.16499999999999998      395.89039965570527
0.10500362679284185       0.1694612397830183       396.4537071632099
0.09999999999999998       0.17500000000000002      396.51344505366416
0.08858380135371267       0.12322969848899576      387.3467682023837
0.07760232496424666       0.1070128333559068       380.28432707218735
0.06966711754337243       0.08645062716808313      368.62438617290525
0.07352495151544926       0.0631703429474212       351.62736345680736
0.0890045767046627        0.04010101901079005      330.6539320115263
0.1048437131967871        0.02                     308.94108992105976
0.1327231827401023        0                        300
0.09624656246548155       0.13716111883008697      391.8638419012128
0.10345829031627692       0.15                     394.866876321442
0.11029487997113589       0.16328046908215732      396.3169017776224
0.11108539548402159       0.17500000000000002      396.72415185702283
0.12030587653535992       0.16588256092740494      396.8087077966365
0.10272179924844338       0.1252678456815094       388.4595124635585
0.10013546774000263       0.10945153363333102      381.8994694008869
0.16060265228341852       0                        300
0.09497484152180555       0.08473823409968545      367.8376430667847
0.09975327249987635       0.05937302638061198      348.6474483775997
0.11560251245582227       0.042315209686638794     332.98693047417856
0.13272318274010325       0.02                     308.9734998040291
0.11176184698716107       0.13548669452932652      391.9462965450637
0.11929604606986859       0.15                     395.5045717982148
0.13289461602542152       0.162505862111262        397.0264085892802
0.1252507108871454        0.175                    397.1653707301155
0.1884821218267347        0                        300
0.11681324457773684       0.11885445379336344      386.39693272902167
0.11882286509591698       0.09729161098800425      375.9216798768575
0.16060265228341938       0.02                     309.0037401316058
0.12382236555466788       0.06971216597553735      357.34010820144687
0.14333177960131674       0.04465779114915618      335.43270572175265
0.12884487709140532       0.1321977088392922       391.4666811678904
0.13893758383643284       0.15                     396.09470859397067
0.14958327426755194       0.16239366168068217      397.4587535521812
0.14393340528113796       0.175                    397.6941115900714
0.21636159137005095       0                        300
0.18848212182673554       0.02                     309.0293915353872
0.13745357035168654       0.1114143802419443       383.58021731757657
0.13973770082960227       0.08957889818416412      371.59235212598315
0.1720732232378128        0.045315718953808336     336.21014421193536
0.1545197207262986        0.07002232661984448      357.8740130337567
0.15356141454184263       0.12745087105392552      390.4446709320514
0.16397291169329978       0.15                     396.6646289303512
0.1685732485641126        0.175                    398.24411108299154
0.24424106091336717       0                        300
0.21636159137005168       0.02                     309.0493696049614
0.20094634786095608       0.04548218883511334      336.4827638285151
0.1640653829910306        0.09945165123884853      377.82233400817546
0.184056048972961         0.07152522089434726      359.2837598256063
0.2721205304566834        0                        300
0.18077234530025876       0.126033211564303        390.38200373991555
0.19657905160187658       0.15                     397.19491056243834
0.19999999999999996       0.17500000000000002      398.74846194534626
0.2442410609133678        0.02                     309.0634476146864
0.22994716932512205       0.04509268261917424      336.1807727583602
0.21476912458844416       0.07099357107955638      359.0526953401652
0.19796438074953734       0.09789186662071551      377.2945879025775
0.272120530456684         0.02                     309.07176833902747
0.29999999999999954       0                        300
0.21352876698471177       0.12271627961636174      389.4991566720152
0.2310527010679177        0.15000000000000002      397.55859623005637
0.23333333333333328       0.17500000000000002      399.09680513698135
0.2580823326617975        0.043831397934875845     334.9809900321199
0.24528466029416          0.07026065656553775      358.5962998697451
0.2305946156598178        0.0966312653308761       376.7905517018644
0.2851805063937495        0.04168064113994841      332.8428756991777
0.3000000000000001        0.02                     309.0745151210165
0.3278794695433158        0                        300
0.2479240960925574        0.12292746795497939      389.8247528364655
0.2655263505339588        0.15000000000000002      397.7618895269028
0.2666666666666666        0.17500000000000002      399.2920346136053
0.2999999999999999        0.17500000000000002      399.3549530979133
0.273975984345922         0.0688552586771288       357.5365574435397
0.2643414338761942        0.09617275269118487      376.65854855491045
0.2990909500201286        0.06074698596680361      350.7734512731267
0.3129991761237942        0.04244106694018981      333.6118291729212
0.32787946954331626       0.02                     309.0717705908705
0.355758939086632         0                        300
0.28250340712508176       0.12205749903102349      389.5967196504153
0.383638408629948         0                        300
0.2999999999999999        0.15                     397.82730920145383
0.33333333333333315       0.17500000000000002      399.2920389696815
0.2994862369543677        0.09045094740304191      373.1669020482793
0.32489489326926047       0.06844445559364296      357.2067047063082
0.3409492375163099        0.0437743189407438       334.9253438856974
0.35575893908663236       0.02                     309.06345686631425
0.31720128198794717       0.1219076886077478       389.537208706297
0.3836384086299486        0.02                     309.04938025216836
0.4115178781732643        0                        300
0.33447364946604097       0.15                     397.7618925561907
0.36666666666666653       0.175                    399.0968124348542
0.3343957080560399        0.09497199125376188      375.940196772158
0.35426332020921          0.068704928509544        357.3543237545723
0.36904609651414655       0.04265047266405773      333.755057060537
0.3525388080349584        0.12270796721920149      389.7359948394637
0.39597777122301014       0.041221042811890325     332.24895691014694
0.41151787817326474       0.02                     309.02940053348016
0.4393973477165805        0                        300
0.36894729893208206       0.15                     397.5586104373676
0.3999999999999999        0.17500000000000002      398.74846063032925
0.3706850643537186        0.09482437711241759      375.7021474125133
0.3849688723369887        0.06675637946570481      355.6566415913055
0.38758920500479765       0.1218237494008943       389.135649886595
0.4672768172598966        0                        300
0.40873080385792493       0.060729337700380484     350.47551335591334
0.42324925985848094       0.04228922129655246      333.23544547986785
0.4393973477165808        0.02                     309.0037528649562
0.4034209483981231        0.15                     397.19493854287646
0.4314267514358873        0.17500000000000002      398.2441044112548
0.4074610115666662        0.08959196663090027      372.17939265525916
0.42157814314586123       0.12242665032926517      388.98525280719446
0.49515628680321283       0                        300
0.467276817259897         0.02                     308.97351705303043
0.433698202421878         0.06858273031075139      356.8312739412289
0.45053363823060505       0.04376564673422008      334.5865978778207
0.43602708830670006       0.15                     396.664604869771
0.45030854621208877       0.16249897542171754      397.46760417859537
0.456066594718862         0.17500000000000002      397.69414165777863
0.4506079728878513        0.1280187352040476       390.56147703111924
0.446252608634172         0.0973135994953811       376.46704945829725
0.47474928911285447       0.17500000000000002      397.16534547476743
0.5230357563465289        0                        300
0.5509044878566107        0                        300
0.5774226557056125        0                        300
0.49515628680321316       0.02                     308.9410981878511
0.4796343110035938        0.04384679495678057      334.52085599440335
0.46224218728180855       0.06804925539604013      356.1608779887581
0.4610624161635669        0.15                     396.094767081923
0.4669598804354271        0.16249487710858762      397.0300457618172
0.4721220538435952        0.13388279221091193      391.95266123587226
0.470860905463936         0.1144626048269062       384.8059211809622
0.48408332433849766       0.12452786283373227      388.5531074403471
0.4773198376712028        0.090063253769757        371.65819864134176
0.4797253079609118        0.16544228667986322      396.7879006856698
0.4889146045159784        0.17500000000000002      396.72443360222087
0.5230357563465293        0.02                     308.91027220341095
0.5509044878566107        0.02                     308.88542256152704
0.5774226557056126        0.02                     308.8708108111087
0.5887113278528062        0.010000000000000002     304.5731519775615
0.6                       0                        300
0.5092028901902433        0.044478385112656754     334.9823470624419
0.493272399606853         0.06722433566291612      355.2051031112106
0.48070395393013104       0.15                     395.5045837285037
0.4882095496951747        0.13660557285938293      392.25459657356805
0.49014470293623835       0.10942843183883984      382.09397667204865
0.4977949897035915        0.12418334972462942      388.06038976931967
0.5031992748483358        0.09217397326129169      372.5607687656323
0.48941694259255836       0.1627089564153873       396.2927093900528
0.4950129808864564        0.1694460248723068       396.45288518721384
0.5                       0.17500000000000002      396.51363667137076
0.5373313627328371        0.04230400061293079      332.73284755326733
0.5631497884254387        0.03830191283451926      328.66873043792515
0.5836778103648645        0.03636392785315516      326.6665860881531
0.6                       0.02                     308.8667556932952
0.5249121423430638        0.0728999885887872       359.27810740162704
0.4965417096837228        0.15                     394.8672674147237
0.5043093220392543        0.1378477165157136       392.0176310084625
0.5090360605292714        0.11213218665708215      382.9314122415594
0.5107974970175688        0.12675558966759123      388.5824048474643
0.5245105060033853        0.10129564305036787      377.3661688721227
0.5                       0.16499999999999998      395.8914565925066
0.507027491250758         0.1581929250887637       394.9753888806429
0.5546780367889589        0.06645800409617728      354.09001993553477
0.5800374567918416        0.05882703082104136      347.7251226355365
0.6                       0.04369282466279478      333.9561438229308
0.546471681463569         0.09345830648408343      372.72233712774454
0.5115600578050566        0.15                     394.13367214940376
0.5192108078430008        0.13642502012518815      391.1444924499432
0.5232290249500496        0.12119180879952669      386.3068565311071
0.5402148239112953        0.11591759730453222      383.9131048823447
0.5161462356110113        0.15796735393431224      394.47197155673786
0.5110201045199877        0.16499999999999998      394.9114724808897
0.5761657889770021        0.09295678523570168      372.1893482528333
0.6                       0.07580619433025786      360.9978357961923
0.5617598992575649        0.11496925521563532      383.217397629291
0.5271459271788458        0.15                     393.487637046119
0.5343224845250167        0.1346170822485293       390.2497592588091
0.5526123244883143        0.13365854228759796      389.6094208362849
0.5248927150754957        0.16499999999999998      394.23521400735535
0.5347550773233343        0.15720349613369577      393.70475286033553
0.583723692561599         0.12018108345064063      385.054543563771
0.6                       0.10814556667907026      380.0442864242221
0.5720355668666381        0.13644731895689116      390.0293349514381
0.5439280529689944        0.15                     392.9815815050212
0.563413119400376         0.15                     392.5911947619976
0.5430916228362992        0.16499999999999998      393.63386243052776
0.5873410842917325        0.13777060758153767      390.2180391747341
0.6                       0.1322303824790971       388.82666659049244
0.583178658233673         0.15                     392.3748647498247
0.5638939117236303        0.16499999999999998      393.1994761031397
0.6                       0.15                     392.31825493476373
0.5834726728809465        0.16499999999999998      392.9825078318689
0.6                       0.16499999999999998      392.92645718126437
